Execução sequencial
slicesSequencial = [1, 10, 100, 1000, 10000, 100000, 1000000, 10000000, 100000000, 1000000000]
resultSequencial = [0.0, 1.98352354, 1.9998355, 1.99999836, 1.99999998, 2.0, 2.0, 2.0, 2.0, 2.0]
timeSequencial = [2.4e-05, 4.3e-05, 5.9e-05, 0.0002, 0.001613, 0.015821, 0.157922, 1.59709, 15.718648, 157.377938]
clockSequencial = [24, 43, 59, 200, 1613, 15821, 157922, 1597090, 15718648, 157377938]
Execução com 2 threads
slices2threads = [1, 10, 100, 1000, 10000, 100000, 1000000, 10000000, 100000000, 1000000000]
result2threads = [0.0, 1.98352354, 1.9998355, 1.99999836, 1.99999998, 2.0, 2.0, 2.0, 2.0, 2.0]
time2threads = [0.000222, 0.000234, 0.00024, 0.000306, 0.00107, 0.013093, 0.157524, 1.563116, 15.712152, 156.758432]
clock2threads = [222, 234, 240, 306, 1070, 13093, 157524, 1563116, 15712152, 156758432]
Execução com 4 threads
slices4threads = [1, 10, 100, 1000, 10000, 100000, 1000000, 10000000, 100000000, 1000000000]
result4threads = [0.0, 1.98352354, 1.9998355, 1.99999836, 1.99999998, 2.0, 2.0, 2.0, 2.0, 2.0]
time4threads = [0.000341, 0.000366, 0.000611, 0.000642, 0.000822, 0.016981, 0.159989, 1.573089, 15.712214, 157.152078]
clock4threads = [341, 366, 611, 642, 822, 16981, 159989, 1573089, 15712214, 157152078]
Execução com 6 threads
slices6threads = [1, 10, 100, 1000, 10000, 100000, 1000000, 10000000, 100000000, 1000000000]
result6threads = [0.0, 1.98352354, 1.9998355, 1.99999836, 1.99999998, 2.0, 2.0, 2.0, 2.0, 2.0]
time6threads = [0.000687, 0.000823, 0.000876, 0.00101, 0.002396, 0.016575, 0.158304, 1.574123, 15.72607, 157.270301]
clock6threads = [687, 823, 876, 1010, 2396, 16575, 158304, 1574123, 15726070, 157270301]
Execução com 8 threads
slices8threads = [1, 10, 100, 1000, 10000, 100000, 1000000, 10000000, 100000000, 1000000000]
result8threads = [0.0, 1.98352354, 1.9998355, 1.99999836, 1.99999998, 2.0, 2.0, 2.0, 2.0, 2.0]
time8threads = [0.000977, 0.001075, 0.001062, 0.001207, 0.002566, 0.016873, 0.159258, 1.575073, 15.736006, 157.341285]
clock8threads = [977, 1075, 1062, 1207, 2566, 16873, 159258, 1575073, 15736006, 157341285]
Execução com 16 threads
slices16threads = [1, 10, 100, 1000, 10000, 100000, 1000000, 10000000, 100000000, 1000000000]
result16threads = [0.0, 1.98352354, 1.9998355, 1.99999836, 1.99999998, 2.0, 2.0, 2.0, 2.0, 2.0]
time16threads = [0.001785, 0.001879, 0.001924, 0.0021, 0.003436, 0.017807, 0.159735, 1.576678, 15.743385, 157.406051]
clock16threads = [1785, 1879, 1924, 2100, 3436, 17807, 159735, 1576678, 15743385, 157406051]
