Execução sequencial
slicesSequencial = [1, 10, 100, 1000, 10000, 100000, 1000000, 10000000]
resultSequencial = [0.0, 1.98352354, 1.9998355, 1.99999836, 1.99999998, 2.0, 2.0, 2.0]
timeSequencial = [1.6e-05, 1.9e-05, 2.1e-05, 4e-05, 0.000226, 0.00304, 0.030738, 0.241137]
clockSequencial = [16, 19, 21, 40, 226, 3040, 30738, 241137]
Execução com 2 threads
slices2threads = [1, 10, 100, 1000, 10000, 100000, 1000000, 10000000]
result2threads = [0.0, 1.98352354, 1.9998355, 1.99999836, 1.99999998, 2.0, 2.0, 2.0]
time2threads = [0.000256, 9.6e-05, 0.000131, 0.000129, 0.00028, 0.001561, 0.024425, 0.247518]
clock2threads = [256, 96, 131, 129, 280, 1561, 24425, 247518]
Execução com 4 threads
slices4threads = [1, 10, 100, 1000, 10000, 100000, 1000000, 10000000]
result4threads = [0.0, 1.98352354, 1.9998355, 1.99999836, 1.99999998, 2.0, 2.0, 2.0]
time4threads = [0.000153, 0.0002, 0.01063, 0.000281, 0.000253, 0.003589, 0.039882, 0.360218]
clock4threads = [153, 200, 10630, 281, 253, 3589, 39882, 360218]
Execução com 6 threads
slices6threads = [1, 10, 100, 1000, 10000, 100000, 1000000, 10000000]
result6threads = [0.0, 1.98352354, 1.9998355, 1.99999836, 1.99999998, 2.0, 2.0, 2.0]
time6threads = [0.000482, 0.000521, 0.000546, 0.000638, 0.000869, 0.003798, 0.034371, 0.329062]
clock6threads = [482, 521, 546, 638, 869, 3798, 34371, 329062]
Execução com 8 threads
slices8threads = [1, 10, 100, 1000, 10000, 100000, 1000000, 10000000]
result8threads = [0.0, 1.98352354, 1.9998355, 1.99999836, 1.99999998, 2.0, 2.0, 2.0]
time8threads = [0.000848, 0.000716, 0.000877, 0.000928, 0.001188, 0.004128, 0.033004, 0.321037]
clock8threads = [848, 716, 877, 928, 1188, 4128, 33004, 321037]
Execução com 16 threads
slices16threads = [1, 10, 100, 1000, 10000, 100000, 1000000, 10000000]
result16threads = [0.0, 1.98352354, 1.9998355, 1.99999836, 1.99999998, 2.0, 2.0, 2.0]
time16threads = [0.001135, 0.001339, 0.00135, 0.00115, 0.001801, 0.004505, 0.033434, 0.338297]
clock16threads = [1135, 1339, 1350, 1150, 1801, 4505, 33434, 338297]
